FID,TBBH,POINT_X,POINT_Y
0,1051,40455314.974799998000000,3581584.076100000200000
1,1051,40455298.590800002000000,3581579.660399999900000
2,1051,40455297.243600003000000,3581670.486500000100000
3,1051,40455580.976499997000000,3581742.740900000100000
4,1051,40455587.660599999000000,3581653.652799999800000
5,1051,40455546.399599999000000,3581643.091399999800000
6,1051,40455537.788400002000000,3581641.206499999900000
7,1051,40455536.546599999000000,3581640.939100000100000
8,1051,40455522.055100001000000,3581637.819000000100000
9,1051,40455503.879500002000000,3581632.462900000200000
10,1051,40455489.212600000000000,3581629.269900000200000
11,1051,40455481.376999997000000,3581627.109000000200000
12,1051,40455454.361599997000000,3581619.659099999800000
13,1051,40455445.234800003000000,3581617.941199999800000
14,1051,40455434.144100003000000,3581614.357600000200000
15,1051,40455339.277300000000000,3581590.074800000100000
16,1051,40455337.306000002000000,3581589.587700000000000
17,1051,40455314.974799998000000,3581584.076100000200000
18,767,40454772.833800003000000,3583983.055300000100000
19,767,40454765.343599997000000,3583721.196300000000000
20,767,40454748.386299998000000,3583721.664100000200000
21,767,40454702.430500001000000,3583722.402999999900000
22,767,40454693.933100000000000,3583720.892800000000000
23,767,40454689.684299998000000,3583719.571399999800000
24,767,40454686.568599999000000,3583715.418399999800000
25,767,40454685.947600000000000,3583708.531899999800000
26,767,40454593.807999998000000,3583712.334100000100000
27,767,40454601.749399997000000,3583799.241800000000000
28,767,40454613.836800002000000,3583867.798200000100000
29,767,40454622.298000000000000,3583907.548700000200000
30,767,40454623.505700000000000,3583922.238599999800000
31,767,40454630.758100003000000,3583950.711900000000000
32,767,40454655.369199999000000,3584000.000000000000000
33,767,40454667.746100001000000,3584027.736300000000000
34,767,40454671.592500001000000,3584059.162200000100000
35,767,40454677.390299998000000,3584059.162200000100000
36,767,40454687.444399998000000,3584052.282999999800000
37,767,40454691.677800000000000,3584036.407900000000000
38,767,40454692.207000002000000,3584018.416199999900000
39,767,40454696.969499998000000,3584011.007900000100000
40,767,40454712.315300003000000,3584002.012000000100000
41,767,40454739.832099997000000,3583991.957899999800000
42,767,40454763.644599997000000,3583985.607799999900000
43,767,40454772.833800003000000,3583983.055300000100000
44,1296,40452750.282399997000000,3580554.647200000000000
45,1296,40452751.832199998000000,3580535.504300000100000
46,1296,40452793.572899997000000,3580537.979499999900000
47,1296,40452811.908600003000000,3580539.016299999800000
48,1296,40452816.770099998000000,3580461.859900000000000
49,1296,40452844.948299997000000,3580461.859900000000000
50,1296,40452843.601899996000000,3580436.682200000200000
51,1296,40452751.116499998000000,3580431.299800000200000
52,1296,40452682.047600001000000,3580428.654000000100000
53,1296,40452681.921800002000000,3580428.644900000200000
54,1296,40452673.668600000000000,3580428.048800000000000
55,1296,40452657.985699996000000,3580426.115600000100000
56,1296,40452596.627300002000000,3580423.205500000200000
57,1296,40452579.461900003000000,3580422.503099999900000
58,1296,40452519.686600000000000,3580420.057000000000000
59,1296,40452474.780699998000000,3580418.181499999900000
60,1296,40452469.477100000000000,3580486.953499999800000
61,1296,40452466.136600003000000,3580536.538499999800000
62,1296,40452577.635600001000000,3580540.400100000200000
63,1296,40452580.658500001000000,3580540.507700000000000
64,1296,40452664.258699998000000,3580543.482400000100000
65,1296,40452666.464100003000000,3580543.560800000100000
66,1296,40452666.321500003000000,3580545.809500000000000
67,1296,40452665.970799997000000,3580551.338200000100000
68,1296,40452673.251400001000000,3580551.623999999800000
69,1296,40452750.282399997000000,3580554.647200000000000
70,972,40456582.222099997000000,3582079.527700000000000
71,972,40456552.793099999000000,3582060.404800000100000
72,972,40456497.601899996000000,3582121.263100000100000
73,972,40456546.655299999000000,3582150.191999999800000
74,972,40456574.386799999000000,3582172.682200000200000
75,972,40456594.999100000000000,3582189.398600000000000
76,972,40456605.148400001000000,3582197.629800000200000
77,972,40456618.529200003000000,3582208.481600000100000
78,972,40456658.181000002000000,3582128.885499999900000
79,972,40456642.844999999000000,3582118.920299999900000
80,972,40456632.083600000000000,3582111.927500000200000
81,972,40456610.627300002000000,3582097.985299999800000
82,972,40456582.222099997000000,3582079.527700000000000
83,989,40453115.108999997000000,3582232.241100000200000
84,989,40453115.125000000000000,3582178.365000000200000
85,989,40453115.361800000000000,3582167.714499999800000
86,989,40453117.019299999000000,3582158.010600000200000
87,989,40453117.313299999000000,3582152.693599999900000
88,989,40453119.579700001000000,3582125.296099999900000
89,989,40453117.539600000000000,3582106.944500000200000
90,989,40453117.432899997000000,3582100.105500000100000
91,989,40453116.778399996000000,3582080.086699999900000
92,989,40453118.346500002000000,3582062.341000000000000
93,989,40453118.084700003000000,3582058.154099999900000
94,989,40453119.266700000000000,3582047.898699999800000
95,989,40453120.844700001000000,3582009.630200000000000
96,989,40453120.582800001000000,3581993.144100000200000
97,989,40453121.359600000000000,3581980.829700000100000
98,989,40453122.796499997000000,3581947.395899999900000
99,989,40453126.458400004000000,3581886.462100000100000
100,989,40453020.301500000000000,3581881.372400000200000
101,989,40453022.754299998000000,3581767.074399999800000
102,989,40452882.097000003000000,3581761.495199999800000
103,989,40452633.575499997000000,3581751.637600000000000
104,989,40452530.807499997000000,3581747.561300000200000
105,989,40452530.556800000000000,3581753.578400000000000
106,989,40452411.966899998000000,3581745.976499999900000
107,989,40452407.949199997000000,3581810.705399999900000
108,989,40452402.384800002000000,3581900.350000000100000
109,989,40452398.926799998000000,3581956.059100000200000
110,989,40452389.524499997000000,3582107.535000000100000
111,989,40452382.501400001000000,3582220.681499999900000
112,989,40452382.182800002000000,3582225.813500000200000
113,989,40452381.317100003000000,3582239.760600000200000
114,989,40452381.319799997000000,3582239.762399999900000
115,989,40452392.606799997000000,3582247.379300000100000
116,989,40452398.246900000000000,3582248.004400000000000
117,989,40452495.369199999000000,3582251.737300000200000
118,989,40452718.888099998000000,3582260.328199999900000
119,989,40452715.500900000000000,3582206.810500000100000
120,989,40452729.788400002000000,3582204.429300000000000
121,989,40452732.963500001000000,3582181.410500000200000
122,989,40452790.797899999000000,3582182.922499999900000
123,989,40452790.472599998000000,3582213.140500000200000
124,989,40452809.655000001000000,3582214.463399999800000
125,989,40452808.662799999000000,3582208.179599999900000
126,989,40452829.167999998000000,3582209.171699999800000
127,989,40452828.837300003000000,3582215.786299999800000
128,989,40452855.288900003000000,3582216.098799999800000
129,989,40452856.674300000000000,3582265.623999999800000
130,989,40452887.499600001000000,3582266.808800000200000
131,989,40453092.265400000000000,3582274.679000000000000
132,989,40453113.390600003000000,3582275.490999999900000
133,989,40453113.390600003000000,3582275.336600000000000
134,989,40453114.283200003000000,3582252.950999999900000
135,989,40453115.108999997000000,3582232.241100000200000
136,682,40458980.467699997000000,3585581.669550000200000
137,682,40459097.262000002000000,3585494.939999999900000
138,682,40459145.310999997000000,3585463.396019999900000
139,682,40459169.195699997000000,3585444.852700000200000
140,682,40459207.425899997000000,3585416.917520000100000
141,682,40459220.635799997000000,3585407.712650000100000
142,682,40459227.441000000000000,3585402.243030000000000
143,682,40459244.048199996000000,3585386.029279999900000
144,682,40459269.800999999000000,3585355.346070000000000
145,682,40459305.393600002000000,3585310.689950000000000
146,682,40459327.821500003000000,3585277.982609999800000
147,682,40459329.045199998000000,3585276.190719999800000
148,682,40459335.737999998000000,3585240.893100000000000
149,682,40459341.029700004000000,3585209.672199999900000
150,682,40459341.029700004000000,3585189.563829999900000
151,682,40459341.029700004000000,3585172.101290000100000
152,682,40459337.854699999000000,3585149.876250000200000
153,682,40459319.862999998000000,3585106.484499999800000
154,682,40459308.221299998000000,3585083.201119999900000
155,682,40459302.929600000000000,3585074.734430000200000
156,682,40459283.350400001000000,3585068.384420000000000
157,682,40459252.663699999000000,3585061.575840000100000
158,682,40459264.433499999000000,3585069.826500000000000
159,682,40459290.257200003000000,3585097.868850000200000
160,682,40459306.343199998000000,3585116.162659999900000
161,682,40459317.055900000000000,3585133.546459999900000
162,682,40459318.045500003000000,3585137.928100000100000
163,682,40459318.328199998000000,3585143.723199999900000
164,682,40459317.197300002000000,3585148.104979999800000
165,682,40459313.097400002000000,3585155.313550000100000
166,682,40459283.163300000000000,3585188.991010000000000
167,682,40459278.892200001000000,3585196.149830000000000
168,682,40459277.761600003000000,3585203.183050000100000
169,682,40459281.153399996000000,3585208.834830000100000
170,682,40459287.057599999000000,3585216.621630000000000
171,682,40459306.069700003000000,3585234.163139999800000
172,682,40459312.225100003000000,3585241.447470000000000
173,682,40459317.375600003000000,3585250.615900000100000
174,682,40459317.501199998000000,3585259.909769999800000
175,682,40459314.592500001000000,3585270.530809999900000
176,682,40459310.321300000000000,3585276.559359999800000
177,682,40459299.141099997000000,3585285.978790000100000
178,682,40459292.860100001000000,3585291.253719999900000
179,682,40459286.819499999000000,3585297.752989999900000
180,682,40459276.659000002000000,3585309.339800000200000
181,682,40459269.514899999000000,3585318.545650000200000
182,682,40459260.370600000000000,3585330.504749999800000
183,682,40459256.839000002000000,3585334.035699999900000
184,682,40459249.775700003000000,3585338.272719999800000
185,682,40459210.861000001000000,3585357.001960000000000
186,682,40459173.911200002000000,3585376.503420000000000
187,682,40459158.003300004000000,3585387.027100000100000
188,682,40459146.963299997000000,3585394.987569999900000
189,682,40459142.593099996000000,3585398.138720000200000
190,682,40459131.837200001000000,3585405.894330000000000
191,682,40459097.977700002000000,3585424.661580000100000
192,682,40459090.606399998000000,3585429.220580000000000
193,682,40459080.963900000000000,3585436.980099999800000
194,682,40459068.855099998000000,3585448.384750000200000
195,682,40459056.131999999000000,3585460.013929999900000
196,682,40459048.040500000000000,3585471.290589999900000
197,682,40459031.098899998000000,3585491.299269999800000
198,682,40459019.575599998000000,3585504.104330000000000
199,682,40459009.568999998000000,3585510.938970000000000
200,682,40458996.986699998000000,3585513.019090000100000
201,682,40458988.806400001000000,3585514.325079999900000
202,682,40458983.654500000000000,3585513.334480000200000
203,682,40458947.955899999000000,3585497.066300000100000
204,682,40458920.113399997000000,3585487.687150000100000
205,682,40458909.596000001000000,3585486.936069999800000
206,682,40458893.444200002000000,3585487.436749999900000
207,682,40458881.620200001000000,3585489.834189999800000
208,682,40458870.852300003000000,3585495.717699999900000
209,682,40458863.089400001000000,3585501.851540000200000
210,682,40458836.418700002000000,3585531.058869999800000
211,682,40458820.147900000000000,3585548.739990000100000
212,682,40458813.990400001000000,3585556.627350000200000
213,682,40458789.938299999000000,3585582.405799999800000
214,682,40458760.237499997000000,3585613.646749999800000
215,682,40458732.711499996000000,3585638.368139999900000
216,682,40458729.470700003000000,3585641.278700000100000
217,682,40458726.179600000000000,3585644.234499999800000
218,682,40458704.858099997000000,3585662.216109999900000
219,682,40458684.970700003000000,3585681.017169999900000
220,682,40458668.830799997000000,3585698.251650000000000
221,682,40458659.191200003000000,3585709.376300000100000
222,682,40458725.564199999000000,3585771.808050000100000
223,682,40458775.891599998000000,3585727.332250000000000
224,682,40458836.958899997000000,3585663.152420000200000
225,682,40458865.648599997000000,3585654.367939999800000
226,682,40458870.840200000000000,3585653.042690000000000
227,682,40458882.402800001000000,3585650.091140000100000
228,682,40458888.938199997000000,3585647.596309999900000
229,682,40458980.467699997000000,3585581.669550000200000
230,1171,40451353.219700001000000,3581258.855700000200000
231,1171,40451352.804899998000000,3581252.425700000000000
232,1171,40451350.091200002000000,3581233.254900000100000
233,1171,40451347.880099997000000,3581217.634200000200000
234,1171,40451346.039999999000000,3581204.635100000100000
235,1171,40451345.221799999000000,3581204.498800000200000
236,1171,40451345.533699997000000,3581201.057800000100000
237,1171,40451341.679300003000000,3581173.828300000200000
238,1171,40451341.147900000000000,3581170.074300000000000
239,1171,40451341.078299999000000,3581169.583000000100000
240,1171,40451339.994700000000000,3581161.927500000200000
241,1171,40451339.283399999000000,3581151.383500000000000
242,1171,40451337.061999999000000,3581118.455300000000000
243,1171,40451336.722900003000000,3581113.427699999900000
244,1171,40451336.713799998000000,3581113.293000000100000
245,1171,40451336.367500000000000,3581108.159399999800000
246,1171,40451335.557999998000000,3581096.160100000000000
247,1171,40451335.065099999000000,3581088.853000000100000
248,1171,40451332.969700001000000,3581057.792500000000000
249,1171,40451329.337300003000000,3581011.673400000200000
250,1171,40451328.098999999000000,3580995.950699999900000
251,1171,40451318.338000000000000,3580996.157900000000000
252,1171,40451316.983700000000000,3580995.706600000200000
253,1171,40451316.231299996000000,3580994.879300000100000
254,1171,40451315.779899999000000,3580986.831700000000000
255,1171,40451300.205399998000000,3580985.026699999800000
256,1171,40451298.926299997000000,3580993.149499999800000
257,1171,40451290.609600000000000,3580992.396900000100000
258,1171,40451289.932499997000000,3580984.048500000000000
259,1171,40451270.295100003000000,3580982.017800000000000
260,1171,40451269.617899999000000,3580982.017800000000000
261,1171,40451269.617899999000000,3580983.898200000200000
262,1171,40451256.256700002000000,3580982.464399999900000
263,1171,40451254.753600001000000,3580997.429500000100000
264,1171,40451253.888099998000000,3581017.762099999900000
265,1171,40451240.012199998000000,3581015.630400000100000
266,1171,40451240.468400002000000,3581003.011099999800000
267,1171,40451240.316399999000000,3581000.274400000000000
268,1171,40451158.541299999000000,3580991.267700000200000
269,1171,40451160.183899999000000,3580997.724200000100000
270,1171,40451159.872500002000000,3581003.639500000000000
271,1171,40451158.676500000000000,3581006.747899999800000
272,1171,40451158.315300003000000,3581007.686900000100000
273,1171,40451156.800200000000000,3581022.385199999900000
274,1171,40451078.417900003000000,3581020.601499999900000
275,1171,40451078.453900002000000,3581027.730500000100000
276,1171,40451078.532399997000000,3581043.282699999900000
277,1171,40451078.802800000000000,3581096.822199999800000
278,1171,40451078.814999998000000,3581099.233899999900000
279,1171,40451078.826099999000000,3581101.436100000000000
280,1171,40451079.244300000000000,3581184.242099999900000
281,1171,40451079.963900000000000,3581227.957100000200000
282,1171,40451080.252200000000000,3581245.472800000100000
283,1171,40451100.287799999000000,3581245.702800000100000
284,1171,40451144.043200001000000,3581248.735700000100000
285,1171,40451218.750100002000000,3581256.557899999900000
286,1171,40451255.635300003000000,3581260.311799999800000
287,1171,40451278.982900001000000,3581263.828499999800000
288,1171,40451321.421599999000000,3581269.588800000000000
289,1171,40451327.178499997000000,3581270.547900000100000
290,1171,40451326.352499999000000,3581277.084600000200000
291,1171,40451324.228399999000000,3581300.461699999900000
292,1171,40451349.689400002000000,3581295.115100000100000
293,1171,40451355.284500003000000,3581290.856300000100000
294,1171,40451354.625200003000000,3581280.638300000200000
295,1171,40451354.276600003000000,3581275.235400000100000
296,1171,40451353.416599996000000,3581261.906400000200000
297,1171,40451353.219700001000000,3581258.855700000200000
298,1171,40451293.350900002000000,3581245.480700000200000
299,1171,40451295.937799998000000,3581233.083699999800000
300,1171,40451314.407799996000000,3581237.178299999800000
301,1171,40451312.615500003000000,3581245.559599999800000
302,1171,40451311.747000001000000,3581253.215200000000000
303,1171,40451303.377999999000000,3581251.952500000100000
304,1171,40451292.561300002000000,3581250.058300000100000
305,1171,40451293.350900002000000,3581245.480700000200000